7
11
14
15
19
20
30
33
36
40
41
47
57
58
61
66
69
70
71
80
83
87
89
93
98
106
129
133
140
142
143
148
154
159
164
166
170
173
178
179
181
190
191
197
200
201
202
204
205
220
223
226
227
231
236
241
270
278
284
290
298
299
308
310
315
318
321
325
329
334
343
344
346
354
355
357
364
365
366
373
376
382
389
396
398
399
418
419
435
439
441
445
446
452
457
462
466
483
495
507
518
524
526
527
529
537
541
544
545
546
552
554
555
557
558
562
568
574
578
582
587
594
597
598
603
607
611
617
619
625
626
627
635
638
643
647
652
654
656
660
673
679
683
689
692
699
701
702
708
709
711
718
719
721
726
732
736
737
747
751
755
758
759
769
775
776
785
797
799
807
815
824
828
829
832
846
847
848
851
857
858
866
868
878
879
882
884
885
887
888
889
899
900
901
905
906
914
920
921
922
923
931
941
943
945
948
957
964
967
971
977
978
979
991
992
993
998
1001
1006
1008
1012
1015
1016
1019
1025
1040
1041
1045
1047
1051
1052
1055
1066
1068
1069
1074
1075
1077
1078
1082
1086
1089
1090
1097
1101
1110
1111
1112
1121
1122
1131
1140
1151
1154
1155
1157
1158
1161
1170
1173
1182
1184
1190
1199
1202
1204
1206
1212
1214
1218
1221
1222
1226
1227
1229
1233
1236
1239
1240
1249
1268
1273
1281
1289
1290
1294
1296
1314
1319
1323
1326
1328
1330
1336
1341
1343
1345
1354
1359
1360
1363
1376
1378
1379
1380
1400
1402
1407
1409
1413
1418
1420
1428
1429
1430
1437
1439
1443
1447
1449
1454
1459
1460
1464
1472
1477
1478
1486
1496
1497
1505
1506
1513
1516
1526
1536
1538
1551
1556
1557
1558
1559
1565
1566
1590
1596
1600
1620
1622
1629
1631
1649
1650
1661
1666
1671
1673
1686
1689
1691
1699
1705
1706
1713
1716
1720
1726
1728
1731
1739
1740
1745
1746
1757
1758
1759
1761
1765
1767
1769
1786
1798
1800
1804
1808
1824
1829
1838
1840
1844
1846
1848
1868
1881
1882
1884
1889
1890
1892
1896
1900
1902
1910
1916
1924
1925
1927
1930
1932
1941
1942
1946
1950
1967
1970
1972
1973
1976
1978
1979
1980
1987
1995
2006
2008
2009
2016
2038
2043
2045
2049
2052
2056
2058
2063
2071
2077
2082
2101
2103
2109
2114
2121
2122
2124
2128
2129
2130
2133
2134
2139
2144
2148
2150
2151
2153
2159
2166
2167
2168
2169
2171
2172
2183
2186
2189
2197
2208
2216
2217
2218
2220
2221
2222
2232
2233
2235
2238
2239
2240
2243
2244
2245
2246
2247
2251
2260
2263
2267
2268
2270
2273
2275
2278
2280
2285
2290
2291
2293
2297
2302
2304
2305
2310
2316
2320
2323
2324
2329
2334
2336
2341
2343
2345
2351
2353
2357
2359
2362
2366
2370
2390
2391
2395
2397
2404
2407
2409
2414
2419
2423
2424
2425
2428
2437
2439
2441
2445
2454
2460
2461
2464
2469
2474
2475
2480
2483
2491
2496
2501
2509
2517
2519
2524
2525
2529
2530
2534
2541
2543
2545
2549
2552
2563
2571
2572
2574
2576
2581
2592
2599
2606
2615
2618
2626
2628
2641
2652
2653
2662
2664
2670
2673
2682
2694
2702
2708
2717
2720
2724
2736
2749
2750
2766
2776
2779
2781
2782
2783
2787
2795
2801
2802
2809
2812
2815
2818
2825
2826
2828
2833
2851
2864
2876
2880
2883
2885
2894
2901
2903
2905
2907
2911
2914
2916
2917
2918
2922
2926
2929
2943
2944
2945
2951
2953
2966
2969
2972
2975
2987
2988
3001
3017
3018
3021
3024
3027
3039
3040
3045
3047
3048
3055
3056
3061
3076
3077
3084
3097
3099
3115
3116
3118
3121
3125
3131
3134
3141
3147
3151
3154
3158
3160
3161
3162
3170
3173
3183
3189
3191
3194
3213
3222
3225
3226
3230
3242
3246
3253
3264
3269
3271
3283
3291
3298
3299
3306
3310
3313
3320
3322
3324
3328
3335
3339
3344
3346
3347
3350
3358
3359
3363
3366
3376
3377
3378
3380
3389
3390
3393
3401
3424
3427
3428
3434
3435
3442
3443
3447
3450
3451
3456
3457
3458
3461
3462
3469
3475
3479
3487
3491
3495
3505
3510
3517
3519
3521
3531
3533
3538
3545
3554
3561
3562
3563
3572
3573
3575
3577
3587
3592
3596
3605
3615
3616
3619
3623
3636
3642
3645
3649
3653
3656
3661
3680
3685
3691
3692
3693
3704
3712
3713
3714
3718
3727
3734
3748
3754
3758
3759
3766
3767
3769
3779
3780
3781
3783
3803
3806
3807
3810
3814
3815
3827
3830
3834
3842
3848
3851
3858
3861
3879
3887
3889
3897
3901
3904
3906
3907
3917
3922
3923
3926
3928
3933
3935
3939
3940
3941
3945
3949
3951
3961
3965
3966
3971
3975
3976
3979
3984
3985
3987
3989
3991
3997
3998
4004
4016
4019
4023
4028
4030
4040
4048
4056
4060
4064
4065
4068
4071
4072
4085
4089
4090
4098
4104
4115
4124
4128
4130
4134
4138
4143
4150
4159
4160
4161
4163
4166
4173
4177
4186
4188
4201
4202
4205
4208
4210
4211
4213
4224
4225
4229
4231
4256
4269
4272
4275
4278
4279
4282
4285
4287
4292
4300
4310
4313
4315
4320
4340
4342
4347
4359
4360
4371
4377
4379
4380
4382
4387
4410
4421
4425
4430
4437
4441
4446
4448
4449
4465
4466
4478
4480
4482
4495
4505
4513
4517
4524
4531
4539
4543
4559
4560
4565
4589
4591
4600
4602
4605
4610
4613
4615
4626
4630
4633
4637
4649
4653
4656
4670
4671
4675
4678
4679
4689
4697
4698
4701
4702
4709
4714
4725
4730
4736
4740
4747
4754
4766
4772
4773
4778
4781
4782
4785
4791
4792
4802
4805
4812
4820
4831
4834
4839
4844
4845
4848
4853
4854
4855
4857
4859
4863
4868
4872
4880
4881
4883
4891
4892
4893
4899
4904
4908
4919
4926
4928
4932
4942
4948
4950
4951
4955
4958
4968
4973
4979
4988
4990
4994
4996
4998
4999
5000
5002
5007
5009
5013
5024
5027
5030
5041
5054
5055
5057
5058
5060
5062
5068
5069
5070
5081
5082
5089
5090
5093
5094
5109
5123
5127
5128
5129
5130
5133
5137
5139
5141
5142
5148
5154
5160
5167
5175
5176
5187
5189
5190
5191
5193
5199
5201
5205
5207
5211
5213
5214
5217
5223
5224
5225
5226
5228
5229
5231
5237
5239
5240
5242
5246
5247
5248
5250
5258
5264
5265
5266
5268
5271
5279
5295
5307
5311
5319
5322
5325
5328
5332
5343
5356
5358
5366
5375
5385
5392
5402
5406
5411
5417
5420
5421
5422
5423
5430
5435
5436
5441
5449
5456
5463
5467
5468
5471
5477
5485
5488
5493
5494
5495
5498
5506
5510
5523
5524
5526
5534
5535
5539
5542
5547
5550
5569
5585
5588
5589
5599
5602
5604
5608
5610
5612
5627
5636
5637
5638
5644
5659
5663
5667
5669
5674
5680
5691
5697
5703
5705
5712
5717
5719
5722
5723
5728
5730
5737
5742
5747
5764
5765
5766
5771
5773
5781
5790
5791
5796
5798
5801
5810
5812
5814
5830
5838
5839
5844
5847
5853
5855
5861
5866
5874
5875
5883
5886
5890
5907
5918
5923
5932
5933
5938
5940
5944
5951
5958
5960
5961
5968
5973
5975
5978
5992
6008
6012
6014
6019
6023
6028
6036
6037
6051
6057
6059
6061
6068
6071
6072
6076
6089
6090
6096
6098
6103
6106
6113
6114
6115
6122
6127
6128
6132
6139
6140
6144
6148
6155
6161
6164
6166
6173
6177
6182
6184
6185
6190
6195
6197
6198
6204
6208
6217
6220
6223
6225
6229
6241
6242
6244
6247
6248
6278
6279
6286
6287
6289
6291
6295
6301
6311
6312
6317
6322
6324
6327
6328
6329
6338
6339
6342
6343
6344
6346
6348
6349
6351
6359
6361
6369
6371
6372
6376
6382
6387
6389
6396
6397
6401
6410
6416
6417
6423
6429
6435
6446
6454
6457
6463
6466
6467
6468
6474
6477
6478
6479
6482
6484
6485
6492
6502
6507
6509
6513
6515
6516
6517
6523
6535
6540
6546
6554
6559
6564
6579
6581
6585
6588
6601
6610
6612
6614
6619
6630
6631
6638
6650
6652
6659
6670
6674
6675
6683
6692
6695
6696
6701
6706
6712
6721
6727
6732
6741
6748
6759
6761
6767
6774
6778
6781
6788
6789
6790
6794
6799
6809
6814
6815
6816
6825
6836
6840
6845
6858
6861
6862
6864
6869
6877
6889
6898
6899
6906
6907
6909
6914
6916
6917
6918
6925
6926
6927
6936
6939
6942
6955
6956
6960
6967
6973
6975
6977
6981
6986
6998
7004
7009
7017
7024
7039
7043
7046
7047
7048
7061
7069
7074
7079
7081
7087
7088
7091
7115
7116
7117
7123
7125
7126
7130
7134
7146
7150
7157
7161
7169
7175
7176
7178
7185
7187
7217
7222
7225
7226
7228
7234
7238
7242
7247
7254
7261
7268
7285
7293
7296
7301
7304
7305
7322
7323
7330
7335
7341
7342
7346
7347
7356
7360
7364
7365
7366
7369
7378
7382
7383
7384
7387
7391
7395
7400
7402
7404
7416
7419
7421
7423
7424
7426
7427
7428
7430
7449
7455
7460
7468
7473
7477
7483
7490
7493
7499
7501
7504
7507
7508
7509
7510
7512
7516
7518
7520
7523
7528
7529
7530
7533
7545
7549
7550
7551
7552
7558
7562
7565
7567
7568
7573
7576
7578
7588
7591
7601
7603
7605
7606
7609
7614
7615
7632
7634
7636
7646
7650
7652
7654
7655
7659
7682
7686
7688
7703
7711
7722
7723
7725
7730
7741
7749
7754
7755
7763
7764
7780
7790
7796
7803
7804
7805
7806
7809
7828
7843
7854
7857
7865
7881
7888
7891
7893
7901
7903
7904
7908
7910
7914
7933
7942
7952
7955
7956
7957
7963
7964
7974
7976
7984
7991
7992
8002
8006
8014
8019
8022
8031
8039
8044
8049
8051
8056
8062
8064
8067
8069
8072
8078
8087
8089
8094
8115
8120
8130
8133
8137
8139
8144
8147
8164
8166
8167
8170
8173
8177
8179
8182
8184
8187
8195
8201
8209
8214
8215
8218
8221
8225
8227
8233
8236
8237
8244
8252
8254
8256
8258
8265
8267
8269
8276
8291
8297
8299
8305
8311
8316
8319
8321
8327
8331
8332
8333
8334
8339
8342
8348
8354
8357
8360
8366
8368
8369
8373
8376
8387
8400
8409
8411
8412
8426
8428
8429
8433
8435
8436
8438
8439
8441
8448
8449
8452
8463
8474
8482
8483
8488
8492
8499
8504
8507
8510
8511
8512
8514
8515
8516
8518
8519
8523
8526
8532
8550
8554
8561
8562
8571
8572
8573
8575
8583
8584
8591
8595
8596
8597
8598
8601
8603
8610
8614
8617
8630
8631
8632
8633
8642
8649
8650
8653
8654
8666
8668
8675
8676
8678
8680
8685
8686
8705
8706
8711
8715
8716
8719
8733
8734
8738
8740
8742
8746
8755
8757
8759
8761
8776
8777
8782
8787
8788
8793
8800
8801
8806
8815
8824
8850
8855
8856
8859
8860
8861
8865
8868
8871
8876
8877
8885
8893
8894
8895
8899
8900
8913
8915
8918
8923
8924
8926
8929
8936
8939
8943
8946
8950
8957
8959
8970
8980
8996
8999
9002
9006
9009
9020
9027
9028
9033
9038
9046
9052
9055
9067
9068
9072
9074
9078
9093
9094
9096
9097
9099
9108
9112
9119
9120
9131
9138
9147
9151
9158
9159
9167
9170
9171
9185
9189
9193
9194
9196
9199
9200
9202
9204
9205
9206
9208
9210
9213
9218
9224
9237
9241
9245
9246
9248
9251
9256
9258
9260
9261
9267
9271
9279
9292
9298
9303
9307
9313
9317
9318
9320
9331
9333
9334
9335
9339
9343
9345
9352
9353
9375
9383
9385
9402
9404
9406
9412
9417
9418
9421
9430
9436
9439
9441
9446
9449
9452
9455
9459
9462
9464
9469
9470
9477
9482
9483
9487
9488
9496
9499
9505
9510
9515
9519
9521
9525
9540
9562
9564
9566
9568
9572
9576
9577
9584
9586
9589
9601
9613
9615
9616
9619
9620
9627
9631
9632
9640
9641
9651
9652
9659
9661
9662
9666
9668
9671
9681
9697
9698
9701
9704
9712
9713
9721
9726
9727
9731
9740
9742
9749
9770
9772
9780
9782
9785
9787
9790
9792
9795
9796
9804
9813
9816
9818
9821
9830
9847
9850
9851
9854
9859
9863
9867
9871
9873
9874
9877
9886
9890
9892
9893
9896
9902
9905
9912
9915
9916
9917
9919
9920
9921
9925
9927
9932
9939
9945
9948
9949
9950
9952
9953
9964
9971
9981
9986
9994
9999
10004
10014
10019
10020
10032
10034
10047
10056
10058
10061
10065
10066
10069
10073
10078
10080
10083
10087
10090
10096
10099
10101
10104
10111
10114
10118
10122
10124
10125
10126
10127
10129
10133
10137
10138
10142
10143
10153
10155
10171
10174
10175
10181
10185
10187
10194
10204
10206
10207
10208
10219
10227
10235
10243
10244
10253
10259
10264
10271
10273
10277
10282
10293
10320
10327
10337
10345
10346
10347
10354
10368
10372
10374
10379
10382
10383
10385
10391
10393
10397
10399
10403
10404
10414
10416
10419
10422
10434
10449
10452
10455
10457
10474
10478
10488
10490
10491
10502
10505
10512
10518
10522
10526
10528
10529
10532
10542
10543
10547
10552
10557
10567
10569
10573
10574
10575
10585
10593
10594
10595
10596
10604
10618
10621
10625
10628
10629
10631
10633
10638
10644
10645
10647
10656
10662
10672
10675
10677
10679
10684
10693
10707
10715
10720
10727
10730
10731
10740
10746
10749
10760
10770
10784
10792
10796
10797
10799
10802
10804
10805
10807
10808
10817
10832
10834
10845
10858
10859
10867
10873
10876
10878
10880
10883
10885
10898
10903
10904
10906
10907
10908
10917
10920
10928
10934
10935
10936
10939
10947
10951
10953
10955
10961
10963
10967
10968
10970
10974
10978
10981
10982
10987
10995
10997
10999
11006
11007
11011
11015
11029
11034
11044
11049
11050
11059
11060
11067
11078
11081
11096
11106
11119
11120
11124
11128
11131
11133
11143
11146
11152
11155
11161
11163
11165
11173
11185
11189
11192
11193
11195
11196
11198
11200
11201
11205
11216
11217
11223
11226
11227
11235
11236
11237
11242
11246
11250
11254
11255
11265
11267
11270
11275
11276
11286
11288
11290
11297
11304
11312
11316
11322
11323
11336
11337
11341
11351
11353
11357
11363
11369
11372
11377
11382
11395
11396
11413
11416
11421
11422
11423
11427
11440
11443
11444
11447
11490
11497
11511
11536
11540
11541
11544
11550
11552
11553
11554
11568
11573
11574
11580
11582
11583
11586
11588
11590
11601
11619
11621
11626
11629
11634
11647
11656
11657
11659
11663
11665
11666
11668
11675
11681
11693
11700
11703
11707
11715
11727
11731
11741
11743
11746
11748
11763
11764
11765
11775
11777
11780
11790
11791
11793
11800
11804
11807
11812
11818
11819
11827
11832
11837
11839
11845
11854
11855
11857
11862
11864
11868
11870
11872
11876
11877
11878
11884
11888
11891
11909
11915
11916
11917
11928
11933
11937
11942
11957
11958
11962
11977
11992
11993
11997
12000
12004
12005
12009
12016
12025
12036
12037
12039
12044
12053
12059
12068
12079
12085
12109
12111
12116
12119
12124
12127
12133
12136
12140
12146
12151
12159
12172
12176
12188
12191
12193
12198
12207
12209
12211
12221
12222
12224
12235
12239
12245
12251
12255
12261
12264
12267
12268
12270
12272
12277
12279
12282
12291
12292
12299
12317
12333
12338
12343
12352
12354
12358
12363
12372
12380
12382
12383
12385
12391
12393
12395
12400
12416
12417
12423
12437
12440
12441
12444
12453
12462
12465
12469
12470
12474
12481
12487
12490
12492
12494
12495
12496
12498
12502
12505
12508
12513
12518
12524
12527
12528
12535
12539
12540
12547
12552
12557
12569
12570
12574
12596
12600
12608
12609
12613
12617
12618
12621
12622
12623
12628
12629
12632
12637
12640
12652
12666
12683
12684
12687
12692
12695
12701
12703
12710
12711
12713
12715
12719
12722
12729
12730
12739
12741
12745
12747
12761
12762
12764
12766
12770
12771
12775
12776
12797
12817
12819
12821
12831
12832
12840
12841
12843
12862
12864
12871
12873
12875
12880
12884
12892
12895
12897
12899
12901
12909
12913
12916
12921
12923
12924
12927
12930
12933
12937
12940
12944
12945
12947
12956
12962
12965
12970
12981
12982
12983
12986
12995
13000
13005
13007
13012
13013
13023
13028
13029
13033
13034
13037
13039
13043
13050
13053
13054
13059
13061
13063
13069
13074
13075
13077
13079
13084
13085
13089
13097
13101
13102
13103
13105
13115
13118
13119
13137
13139
13145
13148
13149
13150
13157
13161
13162
13165
13166
13175
13178
13181
13184
13185
13186
13191
13204
13212
13213
13216
13220
13227
13231
13247
13249
13251
13254
13255
13262
13266
13267
13268
13269
13271
13272
13274
13276
13284
13293
13294
13301
13302
13304
13305
13310
13318
13323
13328
13330
13339
13346
13351
13358
13360
13365
13368
13374
13375
13381
13384
13386
13388
13389
13402
13408
13409
13415
13419
13420
13421
13425
13426
13440
13441
13444
13454
13455
13462
13464
13478
13479
13494
13500
13504
13517
13538
13540
13543
13545
13550
13555
13559
13560
13569
13577
13579
13580
13581
13585
13589
13595
13598
13603
13612
13614
13619
13624
13631
13638
13644
13658
13663
13665
13670
13686
13687
13701
13703
13717
13722
13728
13730
13734
13736
13738
13740
13744
13747
13748
13753
13757
13760
13764
13765
13767
13775
13783
13788
13790
13795
13798
13805
13814
13817
13819
13820
13827
13839
13840
13846
13851
13852
13854
13859
13864
13868
13871
13880
13883
13884
13888
13908
13913
13914
13924
13927
13930
13957
13963
13968
13976
13977
13980
13982
13991
13992
13993
13996
13999
14004
14010
14012
14017
14029
14032
14035
14036
14041
14047
14048
14052
14055
14056
14057
14058
14065
14066
14068
14074
14076
14082
14083
14086
14090
14093
14099
14101
14104
14106
14108
14116
14119
14120
14138
14141
14143
14144
14146
14148
14149
14154
14157
14159
14174
14179
14181
14184
14186
14193
14201
14204
14205
14209
14210
14221
14223
14225
14228
14229
14234
14236
14255
14259
14267
14269
14283
14290
14300
14302
14305
14306
14309
14313
14316
14320
14321
14336
14337
14345
14346
14348
14350
14357
14363
14364
14368
14374
14375
14376
14382
14383
14392
14397
14405
14411
14413
14414
14415
14423
14426
14427
14441
14444
14445
14446
14450
14453
14459
14469
14470
14478
14479
14481
14483
14502
14508
14510
14512
14513
14518
14520
14521
14536
14540
14542
14543
14546
14556
14568
14569
14574
14581
14587
14589
14590
14591
14592
14598
14604
14607
14614
14624
14626
14636
14640
14643
14646
14647
14649
14652
14660
14662
14678
14690
14692
14693
14701
14708
14712
14715
14717
14720
14727
14735
14738
14743
14749
14753
14755
14770
14771
14774
14776
14791
14801
14802
14805
14809
14817
14818
14819
14826
14830
14832
14835
14841
14848
14854
14856
14858
14864
14869
14876
14890
14891
14899
14905
14907
14912
14914
14918
14935
14939
14940
14944
14950
14952
14957
14968
14969
14978
14987
14999
15001
15005
15009
15013
15015
15018
15021
15024
15025
15033
15036
15039
15041
15044
15046
15051
15061
15070
15072
15073
15083
15085
15089
15090
15097
15098
15099
15101
15105
15108
15120
15121
15123
15126
15135
15136
15142
15145
15148
15151
15154
15157
15162
15172
15173
15176
15178
15184
15185
15190
15191
15199
15206
15208
15211
15213
15219
15224
15225
15227
15228
15233
15236
15238
15245
15246
15255
15262
15263
15264
15267
15278
15286
15288
15289
15291
15297
15302
15307
15310
15320
15326
15327
15339
15348
15354
15361
15362
15365
15366
15379
15384
15386
15391
15392
15398
15402
15415
15417
15423
15426
15436
15439
15441
15448
15449
15454
15457
15459
15464
15471
15475
15476
15480
15481
15495
15499
15503
15505
15510
15516
15522
15524
15528
15532
15546
15558
15561
15577
15579
15584
15585
15587
15601
15606
15610
15611
15612
15633
15645
15648
15651
15659
15661
15674
15681
15687
15689
15690
15692
15694
15702
15705
15708
15719
15725
15728
15730
15736
15742
15749
15766
15770
15771
15779
15785
15791
15806
15807
15808
15809
15813
15825
15833
15840
15867
15871
15874
15885
15896
15909
15910
15917
15926
15931
15937
15942
15955
15956
15970
15985
15989
15996
15999
16009
16021
16023
16028
16030
16032
16036
16037
16040
16044
16052
16055
16060
16061
16062
16066
16068
16069
16072
16073
16075
16076
16078
16082
16083
16087
16088
16094
16100
16101
16103
16104
16120
16130
16134
16152
16153
16154
16155
16158
16159
16162
16163
16165
16171
16174
16175
16181
16184
16185
16190
16201
16215
16224
16226
16237
16240
16241
16245
16250
16252
16254
16255
16261
16268
16274
16278
16280
